0.013	13.000
0.038	262.000
0.062	299.000
0.087	362.000
0.112	415.000
0.138	487.000
0.162	584.000
0.187	759.000
0.213	938.000
0.237	1040.000
0.262	1127.000
0.287	1138.000
0.312	1064.000
0.338	1031.000
0.363	1023.000
0.387	997.000
0.412	925.000
0.437	852.000
0.463	779.000
0.488	738.000
0.512	719.000
0.538	604.000
0.562	603.000
0.587	556.000
0.613	547.000
0.637	508.000
0.663	510.000
0.687	496.000
0.712	507.000
0.738	461.000
0.762	472.000
0.788	415.000
0.812	352.000
0.837	347.000
0.863	317.000
0.887	290.000
0.913	254.000
0.937	295.000
0.962	244.000
0.988	245.000
1.013	255.000
1.038	205.000
1.062	229.000
1.087	231.000
1.112	226.000
1.138	219.000
1.163	185.000
1.187	172.000
1.212	163.000
1.237	162.000
1.263	160.000
1.288	164.000
1.312	154.000
1.337	159.000
1.362	141.000
1.388	123.000
1.413	149.000
1.437	142.000
1.462	122.000
1.487	135.000
1.513	125.000
1.538	157.000
1.562	158.000
1.587	116.000
1.612	121.000
1.638	150.000
1.663	127.000
1.687	140.000
1.712	124.000
1.737	116.000
1.763	122.000
1.788	113.000
1.812	133.000
1.837	131.000
1.862	143.000
1.888	147.000
1.913	126.000
1.937	149.000
1.962	107.000
1.987	115.000
2.013	98.000
2.037	123.000
2.062	109.000
2.088	114.000
2.112	108.000
2.138	97.000
2.162	111.000
2.187	106.000
2.213	108.000
2.237	90.000
2.263	133.000
2.287	100.000
2.312	97.000
2.338	106.000
2.362	115.000
2.388	109.000
2.412	97.000
2.437	108.000
2.463	137.000
2.487	117.000
2.513	131.000
2.537	101.000
2.562	116.000
2.588	116.000
2.612	124.000
2.638	124.000
2.662	116.000
2.687	124.000
2.713	125.000
2.737	112.000
2.763	124.000
2.787	112.000
2.812	119.000
2.838	102.000
2.862	122.000
2.888	116.000
2.912	97.000
2.937	82.000
2.963	92.000
2.987	99.000
3.013	69.000
3.037	75.000
3.062	85.000
3.088	77.000
3.112	68.000
3.138	78.000
3.162	74.000
3.187	70.000
3.213	65.000
3.237	70.000
3.263	63.000
3.287	67.000
3.312	75.000
3.338	79.000
3.362	81.000
3.388	97.000
3.412	137.000
3.437	139.000
3.463	175.000
3.487	203.000
3.513	229.000
3.537	273.000
3.562	238.000
3.588	231.000
3.612	205.000
3.638	176.000
3.662	116.000
3.687	106.000
3.713	72.000
3.737	35.000
3.763	43.000
3.787	55.000
3.812	39.000
3.838	62.000
3.862	60.000
3.888	106.000
3.912	114.000
3.937	156.000
3.963	169.000
3.987	168.000
4.012	204.000
4.037	205.000
4.062	140.000
4.088	124.000
4.113	138.000
4.137	94.000
4.162	66.000
4.187	45.000
4.213	46.000
4.238	34.000
4.262	31.000
4.287	25.000
4.312	22.000
4.338	19.000
4.363	30.000
4.387	31.000
4.412	20.000
4.437	18.000
4.463	16.000
4.488	14.000
4.512	23.000
4.537	12.000
4.562	10.000
4.588	7.000
4.613	9.000
4.637	14.000
4.662	4.000
4.687	7.000
4.713	9.000
4.738	4.000
4.762	11.000
4.787	5.000
4.812	9.000
4.838	13.000
4.863	7.000
4.887	8.000
4.912	7.000
4.937	12.000
4.963	6.000
4.988	9.000
