0.013	37.000
0.038	371.000
0.062	502.000
0.087	1623.000
0.112	3422.000
0.138	924.000
0.162	487.000
0.187	535.000
0.213	557.000
0.237	550.000
0.262	579.000
0.287	512.000
0.312	555.000
0.338	558.000
0.363	507.000
0.387	582.000
0.412	520.000
0.437	522.000
0.463	497.000
0.488	522.000
0.512	538.000
0.538	543.000
0.562	634.000
0.587	730.000
0.613	820.000
0.637	812.000
0.663	693.000
0.687	638.000
0.712	563.000
0.738	520.000
0.762	519.000
0.788	471.000
0.812	452.000
0.837	454.000
0.863	421.000
0.887	405.000
0.913	409.000
0.937	419.000
0.962	407.000
0.988	395.000
1.013	396.000
1.038	356.000
1.062	369.000
1.087	407.000
1.112	372.000
1.138	385.000
1.163	391.000
1.187	372.000
1.212	394.000
1.237	394.000
1.263	383.000
1.288	380.000
1.312	386.000
1.337	349.000
1.362	366.000
1.388	347.000
1.413	300.000
1.437	257.000
1.462	267.000
1.487	194.000
1.513	182.000
1.538	126.000
1.562	101.000
1.587	97.000
1.612	91.000
1.638	81.000
1.663	74.000
1.687	56.000
1.712	62.000
1.737	66.000
1.763	50.000
1.788	78.000
1.812	65.000
1.837	92.000
1.862	174.000
1.888	253.000
1.913	464.000
1.937	813.000
1.962	1317.000
1.987	1888.000
2.013	2389.000
2.037	2654.000
2.062	2481.000
2.088	1882.000
2.112	1266.000
2.138	655.000
2.162	285.000
2.187	138.000
2.213	45.000
2.237	24.000
2.263	21.000
2.287	19.000
2.312	13.000
2.338	7.000
2.362	3.000
2.388	6.000
2.412	12.000
2.437	6.000
2.463	9.000
2.487	10.000
2.513	11.000
2.537	11.000
2.562	14.000
2.588	7.000
2.612	9.000
2.638	5.000
2.662	16.000
2.687	8.000
2.713	9.000
2.737	9.000
2.763	8.000
2.787	4.000
2.812	4.000
2.838	7.000
2.862	3.000
2.888	6.000
2.912	6.000
2.937	5.000
2.963	8.000
2.987	6.000
3.013	4.000
3.037	4.000
3.062	5.000
3.088	7.000
3.112	6.000
3.138	5.000
3.162	1.000
3.187	6.000
3.213	4.000
3.237	3.000
3.263	5.000
3.287	1.000
3.312	7.000
3.338	2.000
3.362	5.000
3.388	4.000
3.412	4.000
3.437	3.000
3.463	6.000
3.487	6.000
3.513	0.000
3.537	3.000
3.562	5.000
3.588	3.000
3.612	2.000
3.638	1.000
3.662	2.000
3.687	2.000
3.713	4.000
3.737	6.000
3.763	3.000
3.787	1.000
3.812	4.000
3.838	2.000
3.862	1.000
3.888	2.000
3.912	3.000
3.937	5.000
3.963	2.000
3.987	4.000
4.012	5.000
4.037	4.000
4.062	2.000
4.088	3.000
4.113	2.000
4.137	3.000
4.162	1.000
4.187	1.000
4.213	3.000
4.238	1.000
4.262	1.000
4.287	2.000
4.312	3.000
4.338	1.000
4.363	1.000
4.387	1.000
4.412	1.000
4.437	2.000
4.463	1.000
4.488	0.000
4.512	0.000
4.537	2.000
4.562	1.000
4.588	1.000
4.613	1.000
4.637	0.000
4.662	0.000
4.687	0.000
4.713	0.000
4.738	1.000
4.762	0.000
4.787	0.000
4.812	1.000
4.838	1.000
4.863	2.000
4.887	0.000
4.912	1.000
4.937	0.000
4.963	0.000
4.988	0.000
