0.013	17.000
0.038	303.000
0.062	420.000
0.087	540.000
0.112	546.000
0.138	579.000
0.162	563.000
0.187	616.000
0.213	605.000
0.237	649.000
0.262	668.000
0.287	672.000
0.312	672.000
0.338	676.000
0.363	624.000
0.387	659.000
0.412	639.000
0.437	635.000
0.463	613.000
0.488	684.000
0.512	612.000
0.538	735.000
0.562	826.000
0.587	873.000
0.613	757.000
0.637	732.000
0.663	675.000
0.687	677.000
0.712	692.000
0.738	604.000
0.762	611.000
0.788	575.000
0.812	539.000
0.837	527.000
0.863	549.000
0.887	499.000
0.913	532.000
0.937	549.000
0.962	528.000
0.988	526.000
1.013	463.000
1.038	391.000
1.062	362.000
1.087	328.000
1.112	280.000
1.138	236.000
1.163	215.000
1.187	199.000
1.212	187.000
1.237	209.000
1.263	185.000
1.288	210.000
1.312	199.000
1.337	221.000
1.362	241.000
1.388	219.000
1.413	222.000
1.437	288.000
1.462	450.000
1.487	823.000
1.513	1335.000
1.538	2166.000
1.562	3042.000
1.587	3489.000
1.612	3222.000
1.638	2343.000
1.663	1478.000
1.687	752.000
1.712	317.000
1.737	187.000
1.763	131.000
1.788	118.000
1.812	126.000
1.837	135.000
1.862	111.000
1.888	114.000
1.913	111.000
1.937	125.000
1.962	132.000
1.987	101.000
2.013	118.000
2.037	129.000
2.062	134.000
2.088	150.000
2.112	157.000
2.138	169.000
2.162	165.000
2.187	169.000
2.213	143.000
2.237	136.000
2.263	129.000
2.287	145.000
2.312	127.000
2.338	116.000
2.362	122.000
2.388	112.000
2.412	134.000
2.437	124.000
2.463	103.000
2.487	111.000
2.513	106.000
2.537	97.000
2.562	114.000
2.588	89.000
2.612	111.000
2.638	119.000
2.662	131.000
2.687	108.000
2.713	124.000
2.737	104.000
2.763	110.000
2.787	123.000
2.812	120.000
2.838	124.000
2.862	130.000
2.888	123.000
2.912	141.000
2.937	118.000
2.963	116.000
2.987	117.000
3.013	125.000
3.037	113.000
3.062	113.000
3.088	123.000
3.112	105.000
3.138	97.000
3.162	105.000
3.187	88.000
3.213	79.000
3.237	82.000
3.263	65.000
3.287	55.000
3.312	61.000
3.338	75.000
3.362	67.000
3.388	64.000
3.412	60.000
3.437	46.000
3.463	58.000
3.487	40.000
3.513	52.000
3.537	31.000
3.562	40.000
3.588	37.000
3.612	40.000
3.638	50.000
3.662	71.000
3.687	118.000
3.713	163.000
3.737	198.000
3.763	245.000
3.787	276.000
3.812	338.000
3.838	339.000
3.862	331.000
3.888	324.000
3.912	254.000
3.937	215.000
3.963	166.000
3.987	124.000
4.012	115.000
4.037	69.000
4.062	55.000
4.088	40.000
4.113	43.000
4.137	57.000
4.162	40.000
4.187	35.000
4.213	48.000
4.238	34.000
4.262	47.000
4.287	35.000
4.312	47.000
4.338	45.000
4.363	47.000
4.387	38.000
4.412	46.000
4.437	52.000
4.463	45.000
4.488	36.000
4.512	47.000
4.537	38.000
4.562	44.000
4.588	42.000
4.613	37.000
4.637	36.000
4.662	35.000
4.687	25.000
4.713	29.000
4.738	29.000
4.762	26.000
4.787	34.000
4.812	22.000
4.838	24.000
4.863	23.000
4.887	18.000
4.912	26.000
4.937	13.000
4.963	20.000
4.988	7.000
