1090.920530	1271.064820	2363.148930
1089.402590	1273.674440	2363.487300
1083.809330	1279.612550	2364.507320
1091.018070	1272.942750	2365.499270
1089.036500	1283.745240	2373.656250
1091.792600	1280.718750	2373.600590
1085.400150	1270.910030	2357.457030
1089.594850	1266.897710	2357.700680
1086.780270	1272.426510	2341.729000
1088.168580	1264.278930	2352.156740
1088.086060	1280.157840	2356.987790
1088.675540	1281.790040	2373.250730
1086.392330	1262.853270	2352.812500
1097.293580	1289.767820	2388.139400
1082.385010	1276.479860	2336.656740
1091.321170	1271.310790	2363.569820
1095.132080	1271.564700	2345.829590
1086.453610	1272.642330	2360.121340
1093.769900	1270.999390	2359.124510
1083.478640	1268.549440	2352.890140
1091.967650	1284.459110	2377.540530
1093.911990	1269.856450	2364.765380
1080.415160	1271.073000	2352.769530
1084.116460	1271.693850	2356.787350
1092.172730	1269.885620	2363.254640
1084.392940	1272.984130	2358.581050
1088.708130	1269.896360	2359.806150
1091.067630	1279.417480	2371.463870
1091.557010	1268.010990	2360.692630
1082.204830	1273.043820	2356.396480
1081.540410	1269.533330	2352.213130
1085.857420	1270.684080	2357.669190
1087.705200	1270.290770	2359.052980
1090.486570	1276.112180	2367.757570
1085.411500	1271.001710	2357.641360
1089.235720	1270.674560	2360.878170
1081.474850	1269.704470	2350.230710
1094.573490	1280.932370	2376.502200
1087.723390	1278.670040	2365.943120
1095.346310	1268.218020	2364.739010
