1092.909420	1269.190920	2363.252200
1086.161130	1266.878540	2354.049800
1099.794190	1263.718750	2365.261720
1085.788450	1280.574460	2367.587400
1081.330440	1273.831300	2356.180180
1086.048580	1279.384030	2366.691410
1093.840580	1268.473750	2363.186280
1084.572140	1273.157590	2358.947510
1083.384030	1274.673830	2361.129390
1086.265630	1274.760990	2362.144530
1089.353030	1282.882690	2373.508060
1080.461430	1278.037600	2359.757320
1092.888550	1279.926760	2373.969240
1091.848630	1269.690430	2362.774900
1082.791260	1272.743410	2357.190670
1091.214600	1272.464600	2364.674070
1088.411010	1278.279420	2367.891360
1093.132570	1270.364620	2365.252200
1090.433350	1279.166380	2370.849610
1089.662110	1259.699220	2350.452640
1082.896610	1274.063600	2358.188480
1095.315310	1275.817020	2372.356200
1083.379880	1269.640260	2354.066160
1084.689940	1270.289920	2356.329590
1086.372920	1266.446040	2354.176030
1084.905150	1266.863650	2352.953860
1090.038090	1268.632930	2359.948490
1080.828980	1273.872920	2355.835940
1087.769900	1277.886470	2366.937260
1084.313600	1258.174070	2343.791260
1092.970210	1274.293580	2368.614260
1089.944460	1263.508300	2354.673340
1089.786010	1276.159300	2367.114500
1095.223140	1273.109740	2368.733640
1090.655150	1279.510250	2370.550290
1084.247920	1274.580320	2360.124760
1092.557370	1270.166630	2363.730960
1084.327150	1269.882320	2355.335210
1089.195800	1272.949220	2364.037840
1097.321410	1274.618650	2373.075930
