1089.302980	1275.794920	2366.273440
1083.531010	1281.753780	2366.405270
1086.627440	1278.610230	2366.253420
1091.482420	1270.478880	2362.966060
1092.768680	1266.222170	2359.998290
1089.031490	1279.615720	2369.744140
1084.436650	1264.973880	2350.470460
1083.343750	1270.356690	2354.724120
1087.309080	1269.572510	2357.733890
1090.951170	1273.099610	2364.896970
1091.645260	1266.608030	2358.104980
1086.087520	1274.612180	2361.896480
1087.962400	1269.635740	2354.082030
1083.019170	1268.310790	2352.208740
1086.207150	1281.460690	2367.633540
1087.886230	1276.922730	2365.432130
1091.929810	1277.162350	2368.906250
1094.742550	1268.643430	2364.343750
1084.018430	1275.186040	2358.606690
1086.278560	1268.394780	2355.643310
1089.747440	1277.385130	2368.130130
1091.359380	1274.814090	2367.147950
1095.172730	1283.203250	2379.375240
1083.686040	1267.856200	2352.517820
1084.564090	1266.967530	2352.521480
1084.492920	1274.818120	2360.252200
1086.930790	1267.591670	2355.724370
1084.157350	1273.217410	2358.297360
1085.943970	1272.655880	2359.868650
1087.397340	1272.796390	2361.168700
1081.121830	1267.548950	2350.439210
1087.226680	1276.988530	2365.184080
1086.406010	1281.284060	2368.762450
1082.154910	1272.160640	2355.151860
1097.168950	1281.006470	2379.185300
1090.193730	1278.795040	2369.754390
1091.925050	1266.874880	2359.924320
1086.446170	1265.393920	2352.873540
1089.854610	1278.703610	2369.476320
1087.350710	1274.150020	2362.567380
