1093.491700	1268.431520	2362.975340
1081.753910	1268.548340	2351.308350
1093.366940	1269.373540	2363.576660
1085.331910	1271.028810	2357.459470
1087.042110	1269.140260	2357.571780
1095.262570	1293.117430	2389.436040
1090.698240	1274.274170	2366.066890
1087.772460	1264.711550	2353.558590
1087.232910	1270.330810	2358.729740
1086.831180	1272.944580	2360.785160
1090.174440	1273.646850	2364.976560
1091.419430	1269.414310	2361.953370
1093.299560	1264.002690	2358.516360
1082.856320	1272.263180	2356.468510
1086.293330	1269.505250	2356.923100
1084.765990	1266.351810	2352.149410
1089.479980	1276.583250	2367.487790
1092.116820	1279.949950	2373.400390
1091.339360	1278.047360	2370.523680
1097.338870	1268.446660	2367.041500
1087.639890	1280.686520	2369.550290
1087.500980	1268.687620	2357.289060
1084.212400	1267.112920	2352.414790
1090.766110	1266.831180	2358.613770
1085.961180	1274.528080	2361.593020
1092.302860	1268.515500	2361.621830
1088.608520	1272.421390	2362.150150
1085.249630	1269.040890	2355.323490
1092.281370	1269.772460	2363.142330
1092.138430	1275.589110	2368.728760
1090.137570	1271.521000	2362.998540
1094.510500	1278.314450	2374.433840
1086.302000	1279.193240	2366.677730
1090.406620	1276.298340	2367.814700
1088.480470	1273.575930	2363.386470
1079.237920	1265.447630	2345.736820
1082.089360	1271.701420	2354.906010
1088.558720	1271.940550	2361.983400
1085.781130	1259.646120	2350.697270
1088.355350	1266.685420	2354.338380
