1085.992800	1272.061890	2359.979740
1100.675540	1270.765750	2372.432860
1088.872440	1270.711060	2361.301030
1091.912600	1278.548580	2372.016850
1092.118530	1265.647950	2359.054200
1092.677000	1281.833740	2376.072270
1090.609380	1278.640380	2370.600100
1091.713870	1261.423950	2354.585450
1090.390500	1275.549320	2367.186770
1086.463750	1280.226440	2367.921390
1085.158200	1269.402100	2356.226320
1085.182740	1254.990110	2341.861080
1089.616940	1272.343380	2367.395260
1088.363650	1280.157840	2369.892330
1091.005370	1267.414670	2361.342770
1091.402830	1267.043700	2359.766850
1094.037720	1272.249020	2368.934080
1089.424800	1283.854740	2374.992430
1089.694210	1267.453610	2369.156490
1092.540280	1276.997310	2370.964110
1082.839230	1275.340940	2363.022710
1082.487670	1270.201900	2354.424070
1080.911620	1275.355960	2360.278810
1084.506710	1269.945310	2355.929690
1081.759890	1271.531250	2354.696290
1084.016240	1274.270870	2359.661130
1088.326540	1274.117680	2363.925540
1092.301760	1272.453860	2366.075200
1085.980710	1282.119020	2369.436770
1087.302730	1272.032590	2360.555660
1081.903080	1272.238160	2355.490480
1087.686400	1279.591310	2368.606200
1092.430180	1266.156490	2359.859380
1082.026000	1268.040040	2351.581790
1091.134400	1268.734860	2361.236080
1085.248410	1276.047000	2362.620850
1095.337650	1266.867550	2363.484860
1089.831540	1273.361690	2364.444580
1090.521000	1266.430050	2358.093510
1092.746580	1266.168700	2360.290280
